Davis Frank 80.0 80.0 80.0 70.0 80.0 90.0 80
Dodd George 90.0 100.0 90.0 90.0 90.0 95.0 92
Floyd Arnold 100.0 90.0 90.0 90.0 100.0 95.0 94
Gino Michelle 100.0 80.0 90.0 80.0 90.0 90.0 88
Hanks David 80.0 100.0 80.0 70.0 90.0 95.0 85
Hires George 70.0 80.0 80.0 80.0 70.0 90.0 78
James Ray 90.0 90.0 90.0 90.0 90.0 95.0 90
Johnson Jack 80.0 80.0 80.0 90.0 80.0 100.0 85
Kellog Ellen 70.0 90.0 80.0 80.0 70.0 95.0 80
Little Joyce 90.0 80.0 80.0 80.0 80.0 90.0 83
Lloyd Oliver 70.0 80.0 80.0 70.0 80.0 85.0 77
Oldman Lea 80.0 80.0 80.0 80.0 80.0 95.0 82
Paul Helen 100.0 90.0 90.0 100.0 100.0 95.0 95
Pierre Frenchie 80.0 70.0 70.0 70.0 70.0 90.0 75
Pope Lea 80.0 90.0 90.0 80.0 80.0 95.0 85
Rankle Violet 90.0 90.0 90.0 90.0 90.0 95.0 90
Reece Clara 80.0 80.0 80.0 80.0 90.0 90.0 83
Rivera Nelson 80.0 70.0 70.0 70.0 90.0 85.0 77
Sax Lola 60.0 80.0 70.0 60.0 70.0 85.0 70
Serot Xavier 90.0 90.0 100.0 100.0 100.0 95.0 95
Sossman Warren 70.0 60.0 70.0 70.0 70.0 85.0 70
Tao Sara 80.0 70.0 70.0 70.0 70.0 90.0 75
Tatter Jennifer 100.0 80.0 90.0 90.0 90.0 95.0 90
Todd Leo 90.0 90.0 80.0 80.0 80.0 95.0 85
Webb Paris 70.0 80.0 90.0 70.0 70.0 85.0 77
Williams Martin 90.0 90.0 90.0 90.0 100.0 95.0 92
Xavier Felix 90.0 90.0 80.0 90.0 80.0 90.0 86
Yao Jackie 100.0 90.0 90.0 100.0 90.0 95.0 94
Yates Forest 100.0 100.0 90.0 100.0 90.0 95.0 95
Zera Paul 80.0 90.0 90.0 90.0 80.0 90.0 86
